192.0
236.0
177.18
298.78
209.88
273.24
220.42000000000002
256.9
241.51999999999998
243.9
178.07999999999998
187.83999999999997
284.03999999999996
262.15999999999997
275.84
346.74
192.6
246.4
274.53999999999996
252.38
299.28
239.71999999999997
233.66000000000003
155.24
209.98000000000002
237.03999999999996
228.68
191.49999999999997
262.04
200.72
322.02
265.28
222.34
288.7
318.44000000000005
315.9
270.41999999999996
307.94
200.36
238.48000000000002
267.88
211.1
292.9
199.98000000000002
253.74
179.7
223.74
215.76
341.17999999999995
192.0
236.0
177.18
298.78
209.88
273.24
220.42000000000002
256.9
241.51999999999998
243.9
178.07999999999998
187.83999999999997
284.03999999999996
262.15999999999997
275.84
346.74
192.6
246.4
274.53999999999996
252.38
299.28
239.71999999999997
233.66000000000003
155.24
209.98000000000002
237.03999999999996
228.68
191.49999999999997
262.04
200.72
322.02
265.28
222.34
288.7
318.44000000000005
315.9
270.41999999999996
307.94
200.36
238.48000000000002
267.88
211.1
292.9
199.98000000000002
253.74
179.7
223.74
215.76
341.17999999999995
192.0
236.0
177.18
298.78
209.88
273.24
220.42000000000002
256.9
241.51999999999998
243.9
178.07999999999998
187.83999999999997
284.03999999999996
262.15999999999997
275.84
346.74
192.6
246.4
274.53999999999996
252.38
299.28
239.71999999999997
233.66000000000003
155.24
209.98000000000002
237.03999999999996
228.68
191.49999999999997
262.04
200.72
238.48000000000002
267.88
211.1
292.9
199.98000000000002
253.74
179.7
223.74
215.76
341.17999999999995
252.42
262.68